1.663492063492063577e+00 1.079093595323433963e+00
1.553968253968254221e+00 9.478611964499059628e-01
1.523809523809523725e+00 7.945847200887523609e-01
1.438095238095238093e+00 6.775052270011946431e-01
1.471428571428571530e+00 6.170773596176821751e-01
1.458730158730158655e+00 5.666527991124764574e-01
1.482539682539682602e+00 5.485476403823177360e-01
1.458730158730158655e+00 5.202818313705409592e-01
1.473015873015873112e+00 4.779671232292200256e-01
1.460317460317460458e+00 4.114135304659498060e-01
1.507936507936507908e+00 3.570580517153098543e-01
1.604761904761904834e+00 3.552045997610512873e-01
1.666666666666666963e+00 2.827279612561868771e-01
1.674603174603174649e+00 1.154025857654889103e-01
1.626984126984126977e+00 -5.000000000000000278e-02
1.744444444444444464e+00 1.477779911247653621e-01
1.758730158730158699e+00 2.788503797576377674e-01
1.711111111111111249e+00 4.440929552824714466e-01
1.634920634920634885e+00 6.294488180576889302e-01
1.604761904761904834e+00 7.765755675029868410e-01
1.611111111111111160e+00 9.257797832394605297e-01
