1.992403876506104066e+00 9.131759111665348483e-01
1.991363091397771345e+00 9.132306311225488749e-01
1.988245244648288335e+00 9.133957322451423666e-01
1.983063834684999804e+00 9.136739902921399148e-01
1.975841268624488833e+00 9.140698748381607119e-01
1.966608729403358069e+00 9.145893256590722498e-01
1.955405994639381362e+00 9.152394616521379866e-01
1.942281211715445544e+00 9.160282423461182377e-01
1.927290634341703779e+00 9.169641051841811441e-01
1.910498326274730818e+00 9.180556031958662100e-01
1.891975837932994509e+00 9.193110672981642528e-01
1.871801861347847318e+00 9.207383152941716054e-01
1.850061868256280384e+00 9.223444258134131379e-01
1.826847735227510761e+00 9.241355902228238772e-01
1.802257358591893066e+00 9.261170492957746525e-01
1.776394260695048910e+00 9.282931146003142731e-01
1.749367187729361284e+00 9.306672676466087868e-01
1.721289698198742446e+00 9.332423233211875058e-01
1.692279740046525482e+00 9.360206385152252118e-01
1.662459213705261618e+00 9.390043425544345457e-01
1.631953517879145554e+00 9.421955634031351501e-01
1.600891074790956825e+00 9.455966228787543448e-01
1.569402831936641096e+00 9.492101753817472343e-01
1.537621738085611423e+00 9.530392678889401115e-01
1.505682192309889089e+00 9.570873040073726301e-01
1.473719466161173219e+00 9.613579014441518966e-01
1.441869100660721159e+00 9.658546399081400224e-01
1.410266281424462864e+00 9.705807047285368583e-01
1.379045196906276249e+00 9.755384398065812812e-01
1.348338386293401747e+00 9.807288313440999383e-01
1.318276084920866342e+00 9.861509505694441291e-01
1.288985576088794716e+00 9.918013889155444796e-01
1.260590558787531457e+00 9.976737223929544873e-01
1.233210541003708638e+00 1.003758042955978702e+00
1.206960267966233236e+00 1.010040593332979020e+00
1.182037097200820508e+00 1.016478452053651171e+00
1.158908496612649941e+00 1.022850429281089824e+00
1.137591813603323398e+00 1.028972726344998811e+00
1.118031398933387877e+00 1.034745947795034038e+00
1.100161130229035944e+00 1.040134143186822957e+00
1.083911518428375409e+00 1.045150893994382990e+00
1.069219011096639527e+00 1.049846262630186766e+00
1.056035890949998279e+00 1.054295744615377783e+00
1.044338679628989297e+00 1.058591641073415079e+00
1.034133256853965843e+00 1.062836381086745163e+00
1.025455864929560867e+00 1.067136730262259636e+00
1.018370326254958158e+00 1.071597798753527231e+00
1.012962642944294167e+00 1.076316239940067865e+00
1.009334401336079434e+00 1.081372696649854470e+00
1.007596123493895934e+00 1.086824088833465263e+00
1.007596123493895934e+00 1.086824088833465263e+00
1.007881238800576451e+00 1.092542126653063939e+00
1.010314862082487775e+00 1.098356945648557570e+00
1.014982605900113466e+00 1.104203632879474650e+00
1.021944654500721139e+00 1.109969280587559393e+00
1.031229285449135169e+00 1.115499072299790617e+00
1.042826511339712603e+00 1.120607149953989135e+00
1.056682982717067176e+00 1.125092002516961287e+00
1.072699573738096657e+00 1.128755395917541815e+00
1.090732818166831208e+00 1.131423056770095359e+00
1.110600521585806355e+00 1.132964750638425944e+00
1.132090717764877574e+00 1.133311376885859589e+00
1.154972177049153448e+00 1.132467307604069884e+00
1.179004374300995472e+00 1.130517152052198382e+00
1.203945312004653267e+00 1.127626970168621900e+00
1.229614809518003948e+00 1.124024833693456404e+00
1.256272438620175347e+00 1.119791857856929029e+00
1.283898146918282634e+00 1.114943706499558873e+00
1.312380649314071057e+00 1.109511546221836564e+00
1.341605731865546325e+00 1.103531921567713292e+00
1.371456640446504505e+00 1.097046198971250330e+00
1.401814462126027561e+00 1.090099901741649058e+00
1.432558504566730395e+00 1.082741973364715893e+00
1.463566678957701761e+00 1.075024007745115640e+00
1.494715891749988312e+00 1.066999483974401475e+00
1.525882449778948491e+00 1.058723039934097665e+00
1.556942482295965213e+00 1.050249813817828004e+00
1.587772382072165200e+00 1.041634875885023792e+00
1.618249266176738921e+00 1.032932764933039094e+00
1.648251455380947750e+00 1.024197135641538248e+00
1.677658969508325271e+00 1.015480514668432033e+00
1.706354034550608745e+00 1.006834155707417411e+00
1.734221596095443019e+00 9.983079771463230223e-01
1.761149832646754287e+00 9.899505609005072593e-01
1.787030661820713906e+00 9.818091877332739692e-01
1.811760232202633158e+00 9.739298830839370202e-01
1.835239393858843826e+00 9.663574481346730582e-01
1.857374141091242770e+00 9.591354534533718112e-01
1.878076021953887231e+00 9.523061768174249098e-01
1.897262510252162748e+00 9.459104724089724137e-01
1.914857337130062565e+00 9.399875650469873278e-01
1.930790780823559594e+00 9.345747700026687532e-01
1.944999914617488557e+00 9.297071457283407891e-01
1.957428814391916294e+00 9.254170930269320916e-01
1.968028728293540475e+00 9.217339193574385359e-01
1.976758211945229604e+00 9.186833907475162597e-01
1.983583233159928572e+00 9.162872959056678202e-01
1.988477250324929280e+00 9.145630474499435447e-01
1.991421268465572769e+00 9.135233436837183474e-01
1.992403876506104066e+00 9.131759111665348483e-01
