1.017314161777427950e+00 1.137363636363636354e+00
1.003257950906712992e+00 1.130301435406698474e+00
1.015437481293792965e+00 1.086162679425837219e+00
1.027646400413279038e+00 1.054382775119617310e+00
1.041648032209525843e+00 1.038492822966507134e+00
1.062694563002505088e+00 1.033196172248803890e+00
1.090744008888779648e+00 1.020837320574162765e+00
1.132858062426456369e+00 1.019071770334928129e+00
1.183708966269377605e+00 1.001416267942583760e+00
1.280104008560780215e+00 9.484497607655502094e-01
1.401034444020778702e+00 8.813588516746411194e-01
1.525525114492236600e+00 8.354545454545454497e-01
1.665839518169108135e+00 8.019090909090909047e-01
1.670995141511174342e+00 7.560047846889952350e-01
1.688456246950631900e+00 7.189282296650718607e-01
1.705955137903182761e+00 6.977416267942584405e-01
1.709418809936737116e+00 6.783205741626794349e-01
1.726938692841006429e+00 6.659617224880383102e-01
1.772445045776394501e+00 6.147607655502391744e-01
1.791707260673300439e+00 5.971052631578948056e-01
1.798680787034189876e+00 5.776842105263158000e-01
1.817976589053845071e+00 5.741531100478469707e-01
1.824954313805078332e+00 5.564976076555023798e-01
1.844241719044046324e+00 5.494354066985647211e-01
1.856475828505594450e+00 5.282488038277513009e-01
1.893295711819862781e+00 5.141244019138757615e-01
1.926605740806796252e+00 5.000000000000000000e-01
1.968728191125160620e+00 5.017655502392344147e-01
1.996844811256934360e+00 5.176555023923445908e-01
1.996870001598996414e+00 5.282488038277513009e-01
1.947837000774898186e+00 5.723875598086125560e-01
1.909329364542461605e+00 6.147607655502391744e-01
1.870867910603805750e+00 6.765550239234450203e-01
1.863902781023603517e+00 6.995071770334928551e-01
1.846416485242083905e+00 7.259904306220095194e-01
1.828967974973657373e+00 7.683636363636363598e-01
1.813224011184774387e+00 7.895502392344497800e-01
1.788676022845147484e+00 7.983779904306220754e-01
1.843091360089871733e+00 8.036746411483255415e-01
1.871094623682365565e+00 7.718947368421051891e-01
1.904421446230673887e+00 7.648325358851675304e-01
1.921945527525286579e+00 7.542392344497608203e-01
1.934192232157866176e+00 7.383492822966506441e-01
1.951737305404197542e+00 7.365837320574164515e-01
1.965738937200444347e+00 7.206937799043062753e-01
2.020108092151388313e+00 7.065693779904307359e-01
2.077987101429666694e+00 6.924449760765551964e-01
2.116629086153102079e+00 7.065693779904307359e-01
2.114907746112184128e+00 7.206937799043062753e-01
2.058817251120322656e+00 7.489425837320573542e-01
2.016778768608832095e+00 7.824880382775118992e-01
1.978233346863302211e+00 8.089712918660287855e-01
2.076572243883838986e+00 8.354545454545454497e-01
2.171409683357728326e+00 8.654688995215311653e-01
2.260999134901990004e+00 9.025454545454545396e-01
2.347082930509260201e+00 9.413875598086125507e-01
2.410310689085415348e+00 9.625741626794259709e-01
2.466489350274494452e+00 9.714019138755980443e-01
2.552522765197640098e+00 9.890574162679426351e-01
2.633262009897377354e+00 9.943540669856458791e-01
2.687647958409695725e+00 9.872918660287082204e-01
2.722696120998921998e+00 9.661052631578948002e-01
2.741899558431015738e+00 9.237320574162679598e-01
2.764591858238726108e+00 8.725311004784690461e-01
2.794320660262481937e+00 8.283923444976077910e-01
2.834587422048929550e+00 7.877846889952153653e-01
2.887138673981049841e+00 7.471770334928229396e-01
2.929210743615289658e+00 7.277559808612441561e-01
2.973058732364915802e+00 7.171626794258374460e-01
2.939849464746231433e+00 7.736602870813396038e-01
2.925969586269951961e+00 8.407511961722489158e-01
2.924365801158657518e+00 9.043110047846889543e-01
2.906887902157825554e+00 9.343253588516746699e-01
2.884132626494959162e+00 9.590430622009569195e-01
2.926263473594010733e+00 9.643397129186603856e-01
2.964918053488477145e+00 9.837607655502393911e-01
3.007082487710278418e+00 1.003181818181818397e+00
3.049213334809329989e+00 1.008478468899521641e+00
2.970346572202884339e+00 1.052617224880382896e+00
2.898419748834577980e+00 1.063210526315789384e+00
2.836993099715870770e+00 1.061444976076554969e+00
2.770276478764098993e+00 1.049086124401914066e+00
2.710701319786964714e+00 1.087928229665071633e+00
2.614302079105218279e+00 1.139129186602870991e+00
2.510845344255708156e+00 1.174440191387559729e+00
2.431903010623075900e+00 1.186799043062201076e+00
2.349450822663108340e+00 1.199157894736841978e+00
2.272250821023111822e+00 1.206220095693780081e+00
2.200303005703086789e+00 1.207985645933014274e+00
2.147671984354436070e+00 1.215047846889952154e+00
2.140702656383890456e+00 1.236234449760765575e+00
2.096816882121171233e+00 1.230937799043062331e+00
2.021308831789687233e+00 1.211516746411483325e+00
1.907221772589923203e+00 1.204454545454545444e+00
1.798399494881161687e+00 1.197392344497607564e+00
1.682570103688761476e+00 1.195626794258373149e+00
1.566744910886705089e+00 1.195626794258373149e+00
1.512363160764730097e+00 1.204454545454545444e+00
1.442124090314592433e+00 1.186799043062201076e+00
1.338558197316146225e+00 1.176205741626794143e+00
1.208689388814405685e+00 1.174440191387559729e+00
1.117420581132663404e+00 1.169143540669856485e+00
1.057732065616248995e+00 1.160315789473684411e+00
1.024363259164503992e+00 1.149722488038277479e+00
1.017314161777427950e+00 1.137363636363636354e+00
1.017314161777427950e+00 1.137363636363636354e+00
